site,A,C,D,E,F,G,H,I,K,L,M,N,P,Q,R,S,T,V,W,Y
1,0.052375240130715955,0.05348896658815399,0.053230270834611966,0.0529169131602529,0.054106632440257985,0.05317589222150292,1.0525836238437274e-05,0.05394251036202924,0.053384360145421424,0.05401681083119953,0.05469322445130006,0.05379978910560995,0.02893936973239293,0.06290246396689292,0.05453470802080868,0.05339010362839057,0.05234483157225249,0.05299939610917441,0.05362941822303744,0.05211857263975608
2,0.051473007072960125,0.04931151699530344,0.04818486817241384,0.049680808615589205,0.04849609780777721,0.048778844737310624,0.051718001910281496,0.049797234230142845,0.05153377760500038,0.050339839906865386,0.04907221809209403,0.04973252657656854,0.04983056459508413,0.052799289647723,0.04983967656429305,0.05014192498544573,0.051023729484183294,0.05065025707938383,0.047121985280485716,0.050473830641094224
3,0.05216088063925502,0.053723671696187206,0.05355061915071117,0.05632276310786934,0.05183751019241488,0.05105533527377868,0.05062075990131768,0.05362411050171238,0.050259788494560705,0.05186556247274079,0.053701611137197625,0.05450913181428172,0.051762819481780575,0.05513181197798653,0.05054135251193967,0.05165164722631291,0.05327282011925225,0.05228483356086855,1.0684456556049993e-05,0.05211228628327638
4,0.05076582776744668,0.05110862381849803,0.04912746486477113,0.047883352430325016,0.051494796699133656,0.04560947077820204,0.050622289073206345,0.050779169646253196,0.050336379941734816,0.05120753638671787,0.04959118155330837,0.04876489322866929,0.05064060307843408,0.05023930968015214,0.049650616804143385,0.050648433727594006,0.051924666684445654,0.04989810430467504,0.048411973510546207,0.05129530602174306
5,0.03372178414378742,0.06121597504807896,0.030508749629888962,0.031053733604022447,0.06003316013070771,0.05005792442685796,0.0556023639251477,0.064859928980854,0.05418697418229899,0.06203701347605822,0.05882511409448722,0.0453935278319345,0.026591760825567134,0.05814216281961519,0.054845989421391204,0.039492044704080444,0.03512786525780865,0.058594117772721825,0.055679181335854096,0.0640306283888372
6,0.050214754007486234,0.054742845958509354,0.055180191160356336,0.05140521907739242,0.054183666751793064,0.04873864551394319,0.05032906313217847,0.0549886876892105,0.04229631853538775,0.050437676503084686,0.04098946040734716,0.05205400017247026,0.0477823825517335,0.04806061355276386,0.04210633481157259,0.052411178169838056,0.05385392523320431,0.05474753453303891,0.04372339845452176,0.05175410378416764
7,0.04666020613611143,0.05601177643215224,0.030996349045001714,0.03276627018848968,0.06576847702942122,0.030870596410989423,0.05687296866164775,0.06312341114188309,0.0416942784644025,0.05968434442123807,0.06308498640515013,0.03517257391944654,0.04348865854472099,0.05135209887109603,0.029747528326498004,0.04627916853071445,0.060341350138585444,0.059785450134390954,0.05997101049033016,0.06632849670773025
8,0.04883126527057037,0.04896918974456109,0.04884625742263262,0.05192639158801429,0.05107711421733255,0.050889638099171866,0.051426670639992685,0.053069931786656914,0.04955279396957648,0.05260663199550968,0.053847455003522664,0.054196481908256856,0.02736363400784675,0.05203598842376414,0.0502959171054372,0.05276287877375331,0.052157296915138686,0.05179521154142799,0.04719539121566475,0.05115386037116902
9,0.07053534779151613,0.06169361762369285,0.03444249857716763,0.03449534467374537,0.05004520657622208,0.06596419029342848,0.0508212223198571,0.058389873138236945,0.029383275540435287,0.043213868364869366,0.06629325824481523,0.04923533692440381,0.029383275540435287,0.048099139399420385,0.028604170548470562,0.06657077745758001,0.06779266079982536,0.06582089493633894,0.03477493913542116,0.04444110211411808
10,0.0506642706871949,0.052190359150593224,0.050570988938301975,0.05467831604610134,0.051287779968557864,0.05132793282430792,0.05467831604610134,0.05131665668219386,0.04925786410505255,0.05131547321001587,0.06174404444473538,0.048628305329699216,0.021332230329350325,0.05334320298676075,0.047271336330865374,0.05318188959375044,0.053046326288991176,0.0510278833092353,0.04297571058931754,0.05016111313887377
11,0.05128549916543781,0.053723978434039005,0.04465030550318824,0.04509781325299931,0.05145235792840316,0.038372360677598055,0.0538911307120977,0.058806852088046244,0.05422240055474164,0.05411059529009684,0.057878224917399954,0.055851436840133654,0.03384877263039444,0.055952265118687915,0.05352046797216164,0.05219083987954061,0.05536917688738116,0.05328320463831895,0.02359079578780439,0.052901521721529274
12,0.05261366230510135,0.05127328790931854,0.05050048421469663,0.05065104252940546,0.052648793961262305,0.05165744829527178,0.049916948673953444,0.05173853180819518,0.05070598568990264,0.051095441924414925,0.051880651988672005,0.05227298859041067,0.042731399156377935,0.05037878536214067,0.05077752373768925,0.05278232384369615,0.05212726896439352,0.05107864566087456,0.031878527375154106,0.05129025800906908
13,0.05208778043969659,0.05201490893633843,0.05248778313004751,0.05159449587005155,0.03860586646189622,0.05069649917621984,0.05259869744390613,0.04878014902585134,0.05109166336788741,0.051294105083224885,0.05228506849453522,0.05116599730291701,0.04257687129395062,0.05274963404545694,0.051030349175503614,0.05149897078647401,0.05115610003461638,0.044522059579435454,0.05223834786776012,0.04952465248423074
14,0.06081961031588641,0.06280062216530334,0.028299064871794136,0.03675486872827041,0.06110444440207633,0.04739830880968994,0.045559250955109556,0.059698642824968375,0.028904314351157513,0.06396286621022368,0.06278145280645575,0.03904740259732488,0.033395021487710085,0.05858125551363894,0.03327302036097674,0.05721090921525764,0.06149300353052776,0.06153633110911398,0.04459348870104791,0.05278612104346669
15,0.0494925594651729,0.05455587625992414,0.050258941613278096,0.050258941613278096,0.04223396154031906,0.04227762592467653,0.05280415194478547,0.056697725779332506,0.050176335451893504,0.0562813054445109,0.050258941613278096,0.05206104005478692,0.03754080274780892,0.05448834020229841,0.05382267662788175,0.05417222118298996,0.05601827480637256,0.05679740168217467,0.03617995208535089,0.04362292395988663
16,0.052383257167668104,0.051663761366960874,0.051534689676946556,0.05199078748667333,0.04820810786781824,0.05150183906299315,0.04976224336484183,0.04936705433653247,0.05000675909730327,0.04303873421186667,0.04772014066597536,0.051730851491740726,0.04844457948041282,0.05297532665351514,0.05140081165609563,0.052993473932823595,0.0528513954772557,0.05073654403650989,0.043947762711902795,0.04774188025416387
17,0.05258286310506548,0.05670860910814974,0.04877144097993325,0.0489551414180013,0.045375610306535516,0.05104758122045786,0.05199235195503412,0.0581811873882554,0.03725686732738491,0.058109637416855466,0.053262862566983066,0.05598520332211567,0.03399373390655061,0.0503996956697608,0.04233457048195337,0.05235840919342797,0.05663167735179349,0.05746117311724693,0.051883310559743684,0.036708073604751444
18,0.0558634999100267,0.056817203426364635,0.03929604352973753,0.045991884781919304,0.06137200300760687,0.04858811196569625,0.05553275482767883,0.06131578228238356,0.03329371423229987,0.06069211180348783,0.0598678651558669,0.04612087068314985,0.03353418030147765,0.053039921945012995,0.033298705002588594,0.054300910949422694,0.05707371449931658,0.058514762828539166,0.0324116629658608,0.05307429590156353
19,0.05848214236851822,0.059214711749242865,0.04082760227924128,0.04955299795542682,0.056215374714584376,0.05318018042089395,0.05367231587880319,0.06125224531471855,0.03634462253938433,0.03712569621211605,0.053534039799321205,0.05063013363387494,0.03347061393605594,0.049816379036562504,0.03740219482861474,0.048849170332299054,0.05834201738801761,0.05970698918974484,0.04468840717417321,0.05769216524840617
20,0.05210079833234935,0.05325203053950577,0.0509384089820204,0.049989628094729274,0.052522736419318296,0.05126898623178818,0.053365483610020845,0.051581931729146956,0.04970418560960115,0.052298842487326205,0.05398279261118311,0.05410773775772463,0.02862663614190168,0.05294804522182259,0.05280188560096948,0.05199600983709126,0.05109378269857,0.05220984593642927,0.04070664247605319,0.044503589682448406
21,0.059792060274531066,0.06167463589438643,0.037116887807030034,0.043789738078607976,0.04604515746326118,0.050508059755936065,0.045697416028084886,0.04130904325974637,0.045414817956180076,0.054813806014303204,0.053420828048595076,0.046067889606060404,0.04919376892533492,0.049355897404330475,0.045681143151186133,0.05711983474601374,0.0637205140707631,0.05821028989040673,0.04331444233815396,0.04775376928708804
22,0.06901647737083423,0.06831086838647857,0.03181058192179368,0.03665561716392962,0.056172803401479884,0.051955958186242636,0.03135259245279922,0.07104238572069903,0.03566064407786392,0.06850929736060767,0.06693955561838974,0.03402000974343109,0.035140818341186694,0.05280287013075278,0.03298130336722331,0.059012676971329336,0.0678629393216836,0.07296758734514044,0.02490282811008137,0.03288218500805319
23,0.05321854442372955,0.05224198725265825,0.034241269134416163,0.0382317076892404,0.07479959526434032,0.04193377744923906,0.06273788822191863,0.051689209227050864,0.04237130065005762,0.05016036557013741,0.05601698328172313,0.05902685800897812,0.0364871707816951,0.04573105817205111,0.03491674485025738,0.050614655367656206,0.051828018985461674,0.0506517388286331,0.032883406768223974,0.08021772007253183
24,0.051777679753121066,0.05187010284100474,0.04384855841419095,0.04928487998310853,0.0498320133372496,0.051778243598505594,0.05123312789128699,0.047333607344746474,0.050407145406303165,0.047032478011001265,0.05208013989201433,0.05168201261485595,0.0470838818177943,0.05154041147443442,0.05040123236402438,0.05054399013583142,0.050950532941799034,0.05132933755221978,0.05087523245294771,0.049115392173560195
25,0.051963258057266135,0.04131138518890079,0.05270320102952612,0.051473612518063754,0.050753384699932264,0.052170588965580994,0.052782903540922306,0.05036851388966584,0.04787510503325681,0.050666385349229584,0.052085632559488,0.05475519414346385,0.03588118893040646,0.05224809146519904,0.04974996023409156,0.05110988586275844,0.051104408668580674,0.05162821572470402,0.048169143480545684,0.0511999406584176
26,0.050730305138102665,0.04844066256718072,0.04915732513430975,0.04957867659284502,0.049082397943938344,0.050033744315675845,0.051321641783294465,0.04851468275877857,0.05157525889080169,0.04887218112190386,0.051429861036498326,0.04996812528210428,0.050249784669471345,0.050768832287769156,0.050855502413623355,0.05012930933167462,0.04982658045137693,0.048438656576444604,0.048601629465068644,0.052424842239137855
27,0.0511521276772451,0.052274746972189506,0.05148607042978923,0.052569723463122546,0.050382080898537324,0.05123928930397915,0.0512023796391004,0.044590697682111734,0.04803120768230719,0.04753122371671286,0.05086533538889745,0.05144926893066581,0.04453781099510168,0.05182046266586574,0.04582691898538299,0.0513160001686038,0.05133364676881756,0.05089128728875109,0.049619075749083856,0.051880645593735036
28,0.05297780092859853,0.053813736052667024,0.04764677543015592,0.04597215010601957,0.054276827683839485,0.05150071100327329,0.052413908300483224,0.055211501932025626,0.04842752077871233,0.04293665759928071,0.05141198648641462,0.05251452062508519,0.053609167442640354,0.05119565766063581,0.04604750958106045,0.05201206875189193,0.05405086061804749,0.05462728509859017,0.03047208443504,0.048881269485538295
29,0.058533235484089105,0.05598546558311945,0.029046130203047756,0.03610326934590104,0.06135866220710124,0.055452795547272726,0.05756225011751794,0.04599005091386392,0.03187459986921317,0.04151849772752917,0.05941918621396449,0.05829210339850582,0.044839912312417,0.051543961228482774,0.025943681663110264,0.05749171888025241,0.056550885170478675,0.055567618306742235,0.05740832187463738,0.05951765395275342
30,0.05286814981389979,0.05311578403420551,0.04953301267936269,0.0513366365349929,0.052581496573279464,0.052692060545394964,0.052100560840327444,0.05310647111430228,0.05338169191818709,0.053028469162264245,0.0539541874945961,0.05312281510069659,0.026355855858629137,0.05394171557785212,0.023729172792342126,0.0532189870505035,0.053140940425157615,0.05339837671668052,0.05050555061073968,0.0548880651565862
31,0.04842853207173217,0.04946717826408076,0.044448786094966365,0.04894506654873352,0.045229450874036375,0.04823621739123164,0.04166171285591478,0.0463278310850293,0.06779762717900775,0.05237530671938877,0.032704651979694015,0.05181599449225486,0.049200979331495566,0.053432882205452184,0.08864115480276902,0.05350769462273059,0.052680194939034836,0.05152217254293177,0.03347009469059571,0.040106471308920144
32,0.05726868603901588,0.050770532791791445,0.048641162548916234,0.10376529798666209,0.04960648737987525,0.05331194553434211,0.04605578160171511,0.052834590039130845,0.04760879724833487,0.04790010041056125,0.044366685766881464,0.038964416295292244,0.04727789309824668,0.04164720754616394,0.045693458053423286,0.052620755958723876,0.04793206496049133,0.04253538850586852,0.041183017366912295,0.040015730867651235
33,0.05237705238345796,0.05273621055581497,0.051578316926191324,0.05099588003469789,0.0488946134945858,0.052411048815069326,0.05204995999843101,0.05340925870679179,0.052430686855853725,0.05278216217759415,0.05304781560860555,0.05158157131954567,0.05064925662738468,0.04660254156992411,0.025123972845359454,0.052432243270170396,0.05320380805696376,0.05347882070463376,0.049233219408300194,0.04498156064062449
34,0.05126456790823739,0.05114098773949493,0.051356176659307265,0.04861767293639814,0.04963067606381348,0.05117486235949615,0.05156011796370571,0.052280736808823954,0.049536550819996326,0.052084842832630936,0.05170958336763264,0.05170112199219005,0.0499768517459722,0.05064243621714139,0.03262967970813915,0.051245676347938515,0.05183242856205258,0.052240547229478705,0.04697076960365968,0.052403713133890785
35,0.06329536287563423,0.06199687234150256,0.04696670059288172,0.040337487540302114,0.04430481461676946,0.06111451398428916,0.048500677044641005,0.0504801497908971,0.02683839204777123,0.043315897791224085,0.049197443063465414,0.05938023309552439,0.04164975782310713,0.039826425847321545,0.02902730710619534,0.06476916340715129,0.058771058045395036,0.059374768679069455,0.05977600106975352,0.05107697323710413
36,0.049837887840123184,0.04446853716953968,0.04941484720268154,0.04696334022271046,0.04825200526666698,0.04783161641432584,0.04088155375110703,0.053026258284343264,0.04925045368784652,0.04767979433933162,0.04814496059579893,0.10244273745051417,0.046031293817755295,0.04456813851667256,0.04587531335134277,0.05151931908222764,0.04732625649799634,0.0434356834551701,0.04514141141477688,0.04790859163906921
37,0.05667563307566772,0.055770677293520816,0.05527398090183431,0.049611411762218734,0.04478271695943422,0.05679127530481413,0.05502318530041171,0.04350212741196954,0.047955153794805784,0.044231590544175386,0.049942952535391515,0.05594016858092733,0.05468259422686475,0.04863186014275442,0.026677764267150003,0.056872466587994296,0.05605157388802185,0.05227855718177938,0.049942952535391515,0.03936135770487261
38,0.053076869123362506,0.052192845102864,0.044956965937454164,0.03828977586561539,0.049089311983858935,0.05239328902635739,0.0522984011035174,0.05209042188912266,0.0501389653702553,0.05046501853587553,0.0519130359447599,0.05020164916726658,0.04530266424671691,0.05271641973760166,0.04826963695189957,0.05305149028510823,0.05278747745278301,0.05220272530386894,0.051348941297366356,0.04721409567434564
39,0.04591790829643105,0.04618686865437459,0.10119924241442656,0.04210668512401028,0.04451733658020609,0.04773649886069186,0.04866460215786088,0.04829730366297641,0.0428840086549141,0.049212653361920815,0.0516043298938944,0.044240413112189556,0.04784874948055158,0.05271881150741856,0.043597760973543086,0.04764589494641589,0.048582819140380436,0.04966865691150448,0.04412684676466236,0.05324260950162705
40,0.07867785372377101,0.07576466232995152,0.03720492844346629,0.038833819025281276,0.038192165549992975,0.07668100420448719,0.033815529603009487,0.05048044995131042,0.031637919522965206,0.03632973569022022,0.039882339732712296,0.04616774725563716,0.05180388155575672,0.03847459119052498,0.03677841303613739,0.0788498477647507,0.07672779860962514,0.05876871553742347,0.03851917595587506,0.036409421317101606
41,0.04917583764184213,0.05140917902514158,0.05193494806260821,0.05339620318582419,0.05477765753527177,0.053218867091015,0.0491013132851364,0.05204669611337889,0.05119945744764076,0.04640357838951342,0.05239064029590924,0.051921404786339706,0.027070750870482524,0.04842149709468523,0.05024576840490472,0.05164998314059578,0.052615362392567484,0.05021822415856383,0.04945526054762208,0.05334737053095701
42,0.05091322543252787,0.04858601213314676,0.05693345762518965,0.025863861302059116,0.04987435553084098,0.047073201111758126,0.05200884854192786,0.05212426567346426,0.056231079947385375,0.05257943639120133,0.04716265224112382,0.05708928568287177,0.052078284722741786,0.051000198389371205,0.05334999136350983,0.05101374504056475,0.04547082908396975,0.04738479382601924,0.05071413961098982,0.052548336349336804
43,0.05147334823867613,0.051252119600229726,0.03883860119150197,0.04883587159607534,0.05307546030545041,0.050662741155761394,0.05262179381994775,0.04610613936439984,0.05225117568433767,0.05142344903851131,0.044969395436999085,0.051664860497877343,0.04701116871458653,0.052330536492103945,0.05129014209707804,0.051623207322815085,0.05245895624073059,0.05141815679753969,0.04817469128678364,0.05251818511859447
44,0.05069540782600316,0.04830894587419081,0.05070204160702811,0.049464400225400225,0.0498082700181667,0.05065464061822137,0.04990637185618335,0.05008235243690224,0.05008974335988336,0.05034677967403943,0.05061070712089812,0.050113779861353284,0.04986815286623545,0.04916758471273908,0.049640080327099836,0.05042255745853209,0.05015283759888905,0.05011160609873922,0.05006840166132126,0.049785338798173755
45,0.04964031005799917,0.04857046599114087,0.0515704835850721,0.049537623732835816,0.050406732180388034,0.04665781591886152,0.052700694737216544,0.051003842045214236,0.05235032346018325,0.05058393595097728,0.048379221092532974,0.049894991099988316,0.046951656326156006,0.04926237160986818,0.052895860777682185,0.04784891106181137,0.050429656044133936,0.050636467709949104,0.04913644782323675,0.051542188794752385
46,0.051648670401559627,0.05246291179731763,0.04144389146861731,0.04480218524415647,0.052808822851339664,0.04729014117735526,0.05260565423526397,0.051654098045382256,0.04503292925901424,0.05233311359886266,0.05095493186290083,0.050302135196082176,0.04829084244148665,0.05138969718446196,0.04729819002919945,0.05007430824027992,0.050964426898633355,0.052746451367489365,0.051817836553355485,0.05407876214724171
47,0.051059501381234634,0.0506322808922782,0.05242608866601388,0.052077410351430264,0.05015383972849728,0.050152671048902905,0.04836712559644885,0.04785726266383031,0.05066359781948775,0.04921400568580156,0.051445300546467336,0.050044645889300715,0.04902174926899099,0.048832729585691716,0.04973934842726065,0.05068757209891203,0.04853778509437611,0.04970480392822037,0.05027587548891744,0.04910640583793715
48,0.05070706008437785,0.05179568760963605,0.04996561478046456,0.05014027140705982,0.047099324605242604,0.05104121321299389,0.050964176193006805,0.050527527596711856,0.04968984998234835,0.05000516756907884,0.05090577044403134,0.04960691350470867,0.04981433132540049,0.049684577377434765,0.049890685279779315,0.04991471404859934,0.04980299960889895,0.049208276134998834,0.049762628926447554,0.049473210308780095
49,0.04972550099674856,0.049936478349415225,0.04741642671722119,0.04832597023562837,0.05154824989764321,0.04941763457921857,0.051723520419160306,0.04921417001902807,0.04948838576207438,0.05174641677881345,0.04951068480360215,0.050064335357854074,0.050050348828268094,0.05001691398512225,0.05022791354630072,0.05076931275036566,0.05058604634891634,0.049592853444516284,0.049912048814478256,0.050726788365624845
50,0.050530788184227515,0.04684312278288254,0.05095333311744615,0.04829614729626281,0.048435849860872814,0.04929833474064033,0.048851499538873584,0.04859369897109159,0.04860960803787958,0.04873515223293587,0.07137938929536453,0.04964997180346278,0.049530966394032004,0.045917628339816274,0.04882324332512436,0.04896211723142047,0.04951006848490856,0.04903937081454732,0.049408711640566955,0.04863099790764409
51,0.05009029396770114,0.04488485202916745,0.051048258503336455,0.05003287352121367,0.05082477986693996,0.04837899288912243,0.05074942480157006,0.053255137137347135,0.0518057705777579,0.04946579486058816,0.050994067274862435,0.05169224555971104,0.051393378572121506,0.053537406889773,0.04932475999581941,0.050568366982616346,0.05203424371865332,0.051373165796982624,0.04179196443544791,0.04675422261926807
52,0.050171624494988944,0.05095250482337226,0.05011856677136998,0.049475175101191225,0.04800579768769739,0.050350647154795175,0.04910151388171621,0.052132199660716375,0.049010390819106235,0.050013856722648714,0.04934091830962654,0.04825743611590325,0.05180696128258682,0.05049797425429125,0.050346954717801075,0.05087846788113905,0.05192305986422779,0.05036527394865411,0.048893818857540974,0.04835685765062686
53,0.04965715184187567,0.04968858019510292,0.05044492011845519,0.05179172392242863,0.050259767741426147,0.04965753844536135,0.05145346742631427,0.05116970459974618,0.05061321474111664,0.05002677549026508,0.053342426458290876,0.05033507700290725,0.04938553955895585,0.04898007741391102,0.04987979647786423,0.050849196883786356,0.04444327307132121,0.0487706870297157,0.049678333243774665,0.04957274833738075
54,0.050211639255805476,0.05128815613804208,0.051227274894717054,0.05381820652351034,0.05138463505326277,0.05111038609198182,0.050504627949218596,0.0525934613368786,0.049262616789955235,0.050451606332715795,0.04460560627683389,0.050264854580555136,0.049947948286270846,0.04460560627683389,0.05084728291829349,0.05092085758968498,0.050900031847544644,0.050131510548491034,0.04460560627683389,0.05131808503257047
55,0.04993425832844243,0.04890119709371642,0.04933510142077795,0.05034981344739618,0.051061960520268464,0.049648848120486824,0.05039330168712417,0.05010226739269058,0.050554631677510946,0.050530116926603225,0.049952104945449174,0.0503464382584535,0.05046785283514126,0.05058884347418461,0.049522389169839975,0.050550381742332055,0.049785771606195996,0.049671040271007154,0.04789481467805353,0.0504088664043255
56,0.05032819706238524,0.049925162179842865,0.04966162687067986,0.05114525189913615,0.05107677059182305,0.051022574790603806,0.05085278590978144,0.049358169024941216,0.04891006159885198,0.04926705953609283,0.05195591410312269,0.05053959174303966,0.04825328836953698,0.049857423765568676,0.04891468533222507,0.050318585107206666,0.04861450350370645,0.049586364494227174,0.04966384135513363,0.05074814276209447
57,0.05129105731528314,0.05045782700778944,0.05212159866099584,0.05151755956255753,0.04843429517936091,0.050566580120710594,0.05024398188731762,0.05131115663470532,0.0490518610184961,0.04987455356904904,0.0483344212311248,0.050184399103135074,0.04944014536808795,0.05081410847244002,0.04897553122563955,0.05090753982011245,0.05047011735740879,0.049132537969353414,0.048236301208269654,0.0486344272881627
58,0.05057342660161449,0.04958513809916578,0.04877889672723055,0.05015591882965489,0.0494341593583307,0.05127925352505826,0.050314964387323816,0.05063714063466511,0.04965040700826708,0.049276547566830316,0.05058601940631851,0.050105559104467616,0.04966325937092463,0.04946474544931811,0.050025621440310815,0.049157220568228216,0.04977630018370971,0.05125630483605462,0.04797365664272112,0.05230546025980576
59,0.052429504254224255,0.04989762428389292,0.04901750726214138,0.050900477108765114,0.0490698090943482,0.04993556503663484,0.05112686003008573,0.04848364608933244,0.050641383307041855,0.05050470810525238,0.0485648395970624,0.050378561227419946,0.0505280089360563,0.05081514116529618,0.05087563312203023,0.049353023707505175,0.04998049857328945,0.04983858334258533,0.048599116544174224,0.049059509212861584
60,0.04982083018620196,0.05010920393105074,0.048932701474205385,0.04995426373090701,0.04968080383583461,0.05085071060538963,0.049267455056400504,0.047901708307961775,0.05176933292799018,0.05027666469696546,0.049840347837675714,0.048912119023472866,0.05099548537673919,0.05028172933715409,0.05075516902458829,0.05016517804163438,0.05133150628854092,0.050533445118753934,0.0492898842778897,0.049331460920643735
61,0.04906056465440549,0.04788819220877523,0.04964100712861358,0.05346775959014385,0.05248903871093612,0.04868373538468991,0.0518733316540464,0.050706637941604765,0.04705897822669196,0.05211418073397427,0.05393415729904023,0.05000233717985382,0.05073548526904941,0.04573923453894941,0.05011338041812148,0.0487805198434445,0.049264577310689346,0.05088416363755602,0.048144518434491294,0.049418199834923154
62,0.049170803027200116,0.052139876977396464,0.048992550663770625,0.04726845153080732,0.05374738264412598,0.048819099379914924,0.04825635273709218,0.04945635864111938,0.04940672156918294,0.05199434300897568,0.048898178390038606,0.049951866356323024,0.04874328194398098,0.04906071451017741,0.04969131029218018,0.05057631609866439,0.049843635326756834,0.0502618422075192,0.05202397136933071,0.05169694332544312
63,0.05123164104204673,0.05071358467640035,0.0445146908267668,0.050192050230250584,0.0512522818720979,0.050788147842228175,0.05115995772437383,0.050951412515891685,0.05056532877327253,0.05102315641282033,0.051829720963838796,0.050638915913248254,0.043955676585891314,0.05085755819601838,0.048452451352150705,0.050656626532048846,0.05160974638987753,0.051589824674333346,0.04733776940961216,0.05067945806683171
64,0.05091090639449385,0.050145317942771155,0.050804277981234124,0.049591097837906085,0.04984239807465292,0.05058101966744905,0.04917659841899475,0.04903831077321468,0.050247029530439594,0.05014563060452997,0.051437641568527114,0.04950073577798119,0.048527837634810306,0.04905720498601654,0.05016804305652354,0.05026613073551676,0.049873408253785056,0.05050113835427209,0.05059343320981628,0.049591839197064704
65,0.05186982520703179,0.05223732019113464,0.03702006665573641,0.05022109464075532,0.052096352148275335,0.05259995161528388,0.05160658009180978,0.0521559856061233,0.05016903064304651,0.053141659137789184,0.054200266547124246,0.05264880967289022,0.05172687005893197,0.051767222814519724,0.02656322482801413,0.051749803544044765,0.0526991661232843,0.05305534416359437,0.050790730306875455,0.0516806960037347
66,0.04978526696175753,0.04853717295624498,0.05006553255985519,0.0501555284585995,0.04907802459497583,0.049407282466974185,0.05022354661631252,0.04964407207643826,0.051010305246119006,0.04989083413494161,0.05267219813314342,0.05122344356831821,0.04911298298673831,0.049905121193947584,0.04901847554788277,0.050406930595109256,0.050070982361707005,0.049667591863403485,0.04992410508678444,0.05020060259074666
67,0.050743254945270565,0.05058633159243539,0.04956297954243767,0.04990463087068089,0.04903318190740311,0.04966404844183834,0.05128697552125444,0.05062580207068061,0.04982456277896455,0.04903483002601744,0.049955320665320456,0.04987739205148337,0.04929028832609567,0.0498707830696903,0.04998097136736817,0.04919028921891989,0.04948172099769007,0.050549056899643785,0.0509716579485811,0.05056592175822425
68,0.050514560915661116,0.05137661972975659,0.049485070606189285,0.0496834129529525,0.05095373180815398,0.05061247051179317,0.0506921250058452,0.05013313993466262,0.05142273326158527,0.05170833668917224,0.046095437358456226,0.050706730359964654,0.049994484999293105,0.050151317334922146,0.05072370291790154,0.04968089032770237,0.044464129322780814,0.05135912731587264,0.05033374255007331,0.04990823609726128
69,0.05015217047448271,0.05049876308382519,0.04947616043770463,0.05062918135882616,0.05003107077642423,0.050254355080646525,0.04918826297052167,0.04986771980941918,0.05080822930629209,0.04910980982639425,0.050029141208200414,0.05085581817072576,0.049550765939669505,0.049736191634284284,0.05005939134262684,0.05023597801096619,0.05073763057549852,0.049663442752479955,0.050468717764785294,0.04864719947622653
70,0.050330245769041375,0.051782332668429645,0.05021207953437425,0.04901810809247149,0.0512128578680128,0.05050194245568868,0.050368920616141656,0.049273727502996606,0.04948388611272869,0.04986428632503973,0.048764764326511355,0.04938320179350941,0.05024547105150044,0.05050605116945676,0.049384875813744594,0.05025002768090152,0.04995498227321517,0.05018588734804745,0.04884213034391062,0.05043422125427769
71,0.05166103307362911,0.050754046472453185,0.050782833957091586,0.050402487074383204,0.05139344405889486,0.05070489616485648,0.04713896886511191,0.04998176274991109,0.050605878947840334,0.04888415391997002,0.050164864263488464,0.048500682541936735,0.05092358891484655,0.046783514588680776,0.05055653272974893,0.04989279756749839,0.05142587039114156,0.05111139793044104,0.049144638061094655,0.04918660772698102
72,0.04994835257289375,0.05009256864586657,0.050800205271092795,0.049452754831436865,0.04756131740621462,0.049455694569728065,0.05100587984949294,0.0494864607078851,0.05007535586862618,0.049163167237231464,0.050296453913128994,0.05066450956632371,0.05001782084698148,0.04998494880648842,0.05186718186805769,0.050249598180152365,0.050898168341693174,0.048462825756595065,0.050098562267708466,0.05041817349240243
73,0.04938770945971151,0.051063549119485956,0.051156653716971374,0.04930243950304783,0.050926226922317845,0.05027532396270271,0.051010775838596555,0.05150568922196332,0.04963638261249851,0.05132158591446845,0.04519075168616768,0.053779472077146145,0.03957574791156573,0.050587725959383094,0.05088876333665316,0.0517662059824225,0.05155282213465644,0.05304516500688104,0.04519075168616768,0.05283625794719233
74,0.05334035166206291,0.055274111566279496,0.034491089812685914,0.04750084031796143,0.05725514552036458,0.04899345065609919,0.05364036974313004,0.054923772847015336,0.04563044233795372,0.05671045713643659,0.05806158270020535,0.04472605645075315,0.027798483629624903,0.056742098943087675,0.02881163957373258,0.053031091453709635,0.055476939412264926,0.053550872325175,0.05760386690294045,0.056437337008517115
75,0.050654875292813255,0.0512443798672448,0.05229416491793652,0.05292159734038225,0.05186561232127465,0.04979043913929506,0.0507831959948802,0.05142216588302284,0.05170727119585375,0.051435264605530856,0.04917746098238128,0.05120252291544263,0.026918789138256703,0.05263927368639533,0.04926691150465168,0.05196202740026474,0.05118640497162285,0.05134041323449659,0.04974673592183285,0.05244049368642115
76,0.0530499514201404,0.05444707592285515,0.029360199845732758,0.05029093432452597,0.054475579704389,0.05337343770516912,0.05458643298540904,0.05524968310695978,0.05426002658377873,0.053724177765179876,0.054939945406943455,0.049769908895756734,0.027944457365030824,0.05604403712249709,0.02645350991215123,0.05401405231643628,0.054217052685597344,0.05542447018974237,0.0537338685722288,0.054641198169476136
77,0.04937812139209642,0.05056160215964515,0.05072219238277344,0.04974302652041611,0.050140779505557696,0.050512388235861086,0.05233350558155859,0.04823745587640847,0.0502035447181737,0.04919357971199051,0.05055599129484328,0.04939055491457963,0.047734264249607535,0.05173255817468377,0.05065412092893242,0.051984170586527684,0.04967719098174568,0.04870620198077835,0.04947544598996089,0.04906330481385954
78,0.043755628714482804,0.08920524193515161,0.08847434999349643,0.08718019625037073,0.046081300302573014,0.04861671096556048,0.04344659589613614,0.039356951371848206,0.04207972113926003,0.04098524826515174,0.03838420392164543,0.041835522424274116,0.04617339453689216,0.040609981065253535,0.040303232478811186,0.054952700329359505,0.04285833804532151,0.043584101816453544,0.03881190631701466,0.0433046742309431
79,0.05038480701869754,0.050360697703158604,0.04906258023348877,0.05001387074114574,0.05000203441658497,0.050092511735017706,0.04971298385479356,0.04985899122447503,0.04879072755587097,0.0500991880361256,0.05258535175652319,0.04907051053941583,0.05008049835186628,0.049654919840233715,0.04995185969275064,0.05008408762004229,0.050599019753633456,0.050515082011913834,0.04983140579913293,0.049248872115129495
80,0.08829016761508539,0.049129108869282796,0.04364940433796732,0.04117325203345459,0.050003974718067,0.09220572538969571,0.04451812465842947,0.04626580774336448,0.04610808048216605,0.04070005271884799,0.048587580417754565,0.044680005372313626,0.04473286602652861,0.03748472382386558,0.04203898305464679,0.06436841321224285,0.0472567334301794,0.040882533350549706,0.03939309473766954,0.048531368007888535
81,0.05229173419876603,0.03964885201366629,0.048302947832708984,0.054149989838844205,0.05116751808783452,0.052726721164337055,0.05167563863025333,0.05407902216988372,0.04827377738359335,0.05360786728659501,0.050537083759017956,0.04820628169657448,0.04891668638672466,0.0541589960807571,0.04920484364783411,0.04892303954077346,0.05160100663940866,0.05305131238232129,0.04293948782140774,0.046537193438697944
82,0.08981984620137841,0.06179616926444515,0.037804204027049405,0.04457314161478899,0.04178213444633478,0.09027771811507748,0.04024117378278505,0.04003252033761194,0.03899076413609819,0.04015352838322633,0.041549824956451605,0.044639070234441296,0.040954003734151936,0.04682266833918521,0.04047270316724848,0.08904676096215272,0.04972776871389486,0.040084584200295446,0.03623742008342956,0.044993995299953425
83,0.06054615634643362,0.05837635567564152,0.033462950440495125,0.06144639251790722,0.05976962190172628,0.05586711920001691,0.04162545688238457,0.060489845890445745,0.02939397979671386,0.060644868252216,0.0550084728942578,0.05743851779942783,0.03082940197796438,0.06093030745580149,0.02849839562440657,0.05572329212025998,0.04556897991892155,0.05778677674179304,0.0550084728942578,0.03158463566892877
84,0.04603269248614297,0.050395106256127954,0.04634897331201094,0.050452657748662956,0.05038078794784286,0.0501209592229997,0.05177736300539033,0.04840181275714924,0.04787749745153005,0.0503994860838233,0.049363559893949235,0.050634621511128845,0.04974523132043082,0.05334697470812243,0.050956922077995716,0.0509827024348714,0.051956531625354595,0.049960554887302916,0.04915994128601919,0.051705623983144613
85,0.04975975542581917,0.05194953462703594,0.04912490713381182,0.04801124921344238,0.04994209281956795,0.050476622389126376,0.05046020877383175,0.05220358622731334,0.05388809605898341,0.0517986042995469,0.049056587920075806,0.052597170403972986,0.047862046900613395,0.05065441909463893,0.04449969315056081,0.0517900137470388,0.05146817732083862,0.049462012899531754,0.04570143061360075,0.04929379098064904
86,0.05367654211824307,0.053975117151929895,0.04952458335371658,0.04655732330373901,0.047517262568906794,0.051878231320058386,0.04618027732206427,0.05378323198682937,0.04644299097788415,0.04712268378382295,0.048563093054546,0.052974621901981295,0.0548010747172207,0.0442100431622752,0.045569070072715524,0.05478664327406975,0.054364102883936685,0.05522606499509295,0.04625087935575911,0.046596162695208214
87,0.05153247422551737,0.04856362797644633,0.05240517990521299,0.051994414071507386,0.0490136655811222,0.04766036899830596,0.05357742502621599,0.05032474947191361,0.050700792465714566,0.052041339770129834,0.050481191069299144,0.05415631555447411,0.0439778731778801,0.05354019444915306,0.04585736168361801,0.05181368331579115,0.05010920405338889,0.05018583572446791,0.04131689615281224,0.050747407327029086
88,0.05547352211889811,0.05471085662172149,0.04488654073398076,0.05527902124668753,0.05515275958604525,0.046477644074155215,0.053305930829605955,0.05588658434328681,0.05478234385708187,0.055250511427331374,0.05697444666517525,0.055671613297685996,0.02736047003143978,0.05678384188981691,0.025720972873033297,0.05471358809616025,0.05497340641316399,0.05523218523172369,0.028236564485947545,0.053127196177058904
89,0.05478025767776629,0.0573581069123722,0.03390332332298131,0.042456480525387204,0.053734130021025665,0.045667769972579035,0.05617288684906358,0.05658434201752642,0.05038638305302906,0.05248729180816511,0.04944895144693433,0.04932050788694624,0.04462561009232016,0.04799295525598921,0.046408439425119345,0.04823304145992589,0.053049874570527025,0.057583746211531374,0.04877013816439637,0.05103576332641439
90,0.04841936193577569,0.050921026939772976,0.04371591042157324,0.047822968642954516,0.0488206846499183,0.04923878130727975,0.05199460096256694,0.05002464724171634,0.05208793961628579,0.04819146394754412,0.04754578919315434,0.058061586388584004,0.04652047343312476,0.04800911221752479,0.05284038532981827,0.04840769424657324,0.05146603277697673,0.04980986792952966,0.05277099661314692,0.053330676206179456
91,0.055772734616159815,0.05564526686747885,0.05167099707822614,0.05150523251973731,0.03665080385251687,0.057343099312631284,0.0479221681556447,0.05468559373741975,0.04770063503733397,0.05221558285247956,0.05506682420227405,0.05285276204074594,0.04509580161984952,0.052207370116187445,0.040372234017205556,0.056462611057276985,0.054355140536966585,0.059146877001512776,0.042476522301364776,0.030851743076988066
92,0.0375064181837149,0.07452915401301007,0.03838548240535733,0.03725670765263688,0.07442864432076607,0.03417186560473818,0.037717257298268435,0.07445634795994675,0.041305804438364443,0.07472419106235266,0.07250382714837089,0.029378888287047458,0.04625582070211321,0.038476844749702276,0.031658077957200666,0.034776450580056774,0.05582480091736049,0.07462661699952503,0.03648059302680927,0.055536206692658054
93,0.05613308116158833,0.043373732677739064,0.04608293892694568,0.04470195629578536,0.04318888022428234,0.09733328052522654,0.044119151884938174,0.043304921174661885,0.04429173800916557,0.04615843760970835,0.048997297994242364,0.04677496068738853,0.04636112730951633,0.04937560668306906,0.04974125681705159,0.05615342284267919,0.04453234888898616,0.047201742513525394,0.04902655797849373,0.05314755979500621
94,0.04979696229226395,0.054343089603790286,0.039730969597796505,0.05263539241973283,0.05336928042852603,0.04215995197877264,0.05184533055611262,0.054630819731497526,0.05355539069171338,0.04368475450586742,0.05585938913390288,0.05302442204827371,0.025109370280010528,0.053202657832272515,0.05355400790408269,0.053959956425055036,0.054654880085258664,0.05435105774273892,0.04761216242325984,0.05292015431907203
95,0.04132326951145165,0.05422570178323634,0.03570732843927471,0.04412669775083681,0.05003834470250928,0.03744014877115939,0.038091383023418836,0.08484418086243659,0.03560636640006986,0.08300062797009791,0.08138775318610898,0.056703643367702374,0.041117887483385955,0.03401652355657805,0.037361468084958306,0.04463846980040968,0.03780358625280327,0.08421205812357292,0.039990178801840574,0.0383643821281485
96,0.08248624327233667,0.07960037081659971,0.037514877074331154,0.03507080714881666,0.03849046727657071,0.07176637372690291,0.04116213020914184,0.04165028291290186,0.036346800166681,0.036795052189317404,0.049389744890730794,0.041083465940294245,0.041061395239515144,0.05612517160047453,0.03715521615853274,0.07627444858054733,0.05566464923801815,0.061762737435532275,0.0421211261696977,0.03847863995305725
97,0.05394479016315889,0.053164650412930614,0.05338032162412102,0.053781622844682485,0.04529094836810104,0.05307333698408846,0.05299701345831356,0.045195478573513415,0.05373585114392642,0.051312012177372406,0.0525906405244875,0.05401358739827629,0.023668937938643532,0.05333697984676894,0.05339883124489255,0.05285595712996837,0.05252854940255688,0.052318049426108744,0.04941401625737405,0.03999842508071474
