beta = 0.010001
kappa = 2.2391
omega = 0.0704574
phiA = 0.28894
phiC = 0.219484
phiG = 0.258107