beta = 9.38922
kappa = 2.30861
omega = 0.0890284
phiA = 0.300685
phiC = 0.230049
phiG = 0.253326