beta = 0.312558
kappa = 2.2681
omega = 0.0709507
phiA = 0.289453
phiC = 0.220099
phiG = 0.258183