kappa = 1.82318
omega = 0.0415602
phi0A = 0.31037
phi0C = 0.14535
phi0G = 0.353275
phi1A = 0.405717
phi1C = 0.200005
phi1G = 0.117045
phi2A = 0.139327
phi2C = 0.324496
phi2G = 0.309109