site,A,C,D,E,F,G,H,I,K,L,M,N,P,Q,R,S,T,V,W,Y
1,0.075672787537,0.0303100991682,0.0510308750573,0.0413809031968,0.0151910172949,0.0674157526666,0.0773894020666,0.0342437464782,0.0800593343672,0.0276953070734,0.0468723484628,0.0703271893586,0.00769800093213,0.0570266182834,0.0769473763838,0.0843376886601,0.066356883911,0.0728687474409,0.00465588212368,0.0125200395375
2,0.00149887708126,0.0273143469019,0.0552764624978,0.08164147449,0.0374320635729,0.0080910459419,0.0658632173304,0.0496434968994,0.0802727904892,0.0367977900582,0.055198760839,0.0615586026064,0.0586950194955,0.0550131770773,0.0670637711107,0.040603958788,0.047792963226,0.0652405188017,0.0460602546649,0.0589414081274
3,0.0610839575001,0.0413372115461,0.0499640757547,0.0594890559923,0.0366974728444,0.0717971982537,0.0624285916103,0.0417654614646,0.0737954003549,0.0520925861476,0.0548425605888,0.0587095824493,0.0246499225201,0.0683745053493,0.0358615816724,0.0543866451472,0.0435144487555,0.0512882247222,0.0229489106662,0.0349726066605
4,0.0119539976206,0.00246621742822,0.00216627475417,0.00172965316572,0.000955001568074,0.00152148563084,0.00493062377061,0.173095601044,0.0160803692209,0.0649421518732,0.00489203036421,0.00139278295383,0.00576141138821,0.00722956155139,0.00167567086122,0.0176758714674,0.326320723846,0.354134410715,0.000480732819027,0.000595427957211
5,0.0662351122097,0.00242788657261,0.000217686447125,0.00215920970972,0.0215308439005,0.00351732260751,0.0170551276627,0.109623581305,0.123769852858,0.105289969844,0.0943130222683,0.00498667924648,0.000715031477354,0.0636344856896,0.0906682648818,0.00629206677318,0.0517471690592,0.118333957567,0.0528783254129,0.0646044045073
6,0.0554541367086,0.0541060489916,0.0551641023821,0.0577779527567,0.0433051629883,0.0545810810336,0.0481082677139,0.0482431872537,0.0546107574822,0.0485431605755,0.0620958037774,0.0563468493638,0.000207071407198,0.0522724438713,0.0577906971287,0.0507864515884,0.0533818409994,0.049736014527,0.0566779598187,0.0408110096319
7,0.126898071047,0.00403339766067,0.000970224730073,0.00312194723412,0.00126903397467,0.000915771384077,0.0202276910476,0.0583320988786,0.12650389621,0.0636728178117,0.0795243970657,0.00438901989941,0.000449457870949,0.101995883092,0.125393254478,0.0539198155158,0.115001128812,0.110560423778,0.00142367776741,0.0013979917432
8,0.030738425598,0.218508163747,0.000193721442964,0.000360097332458,0.000352257752867,0.000260943155724,0.000110845540115,0.241061353102,0.000466188140768,0.222035869929,0.00843721330087,0.000376652938016,0.000285883473623,0.000334188854863,0.000203010205479,0.000607424410484,0.00311921652343,0.271602461662,0.000353826685611,0.000592256205988
9,0.0809661556143,0.00956452445091,0.000552090280995,0.0521769508203,0.0189593026185,0.0375360115759,0.0726388030695,0.0684981818687,0.0713045426349,0.0598889927966,0.0707809566957,0.0456646743342,0.000119187137227,0.0947090373661,0.0835622552041,0.0473992267379,0.0510528475575,0.0603936429704,0.0417779353373,0.032454680929
10,0.0620532186119,0.0453957705871,0.0628607095617,0.0576066579429,0.0358423278232,0.0432014193115,0.0569825950566,0.046203404404,0.0564348543281,0.0473424742939,0.0551709745567,0.0485596646911,0.000138518121466,0.0778283718122,0.0556966598791,0.0554052313816,0.0632533232164,0.0522521294406,0.034381817616,0.0433898773639
11,0.196498598032,0.0683211762909,0.000794666853643,0.000591661753131,0.0279456166923,0.00416655896467,0.0007687291678,0.0587808061343,0.000465664950186,0.0301640994212,0.199588909873,0.000957228356897,0.000414816651989,0.0110533286681,0.000260394530131,0.111742582798,0.0779982809911,0.183587366641,0.0201961924273,0.00570332080245
12,0.014447205506,0.00288284075614,0.00590512801967,0.749132353242,0.0013589982557,0.00447934045965,0.00143503546296,0.000777722185059,0.000869567062764,0.00121965294348,0.00849936267929,0.0016603687295,0.000411103819864,0.195043761358,0.000637220017561,0.00323897723258,0.00214839939731,0.00449718112993,0.000686652356086,0.000669129386471
13,0.0526235983384,0.0424372415449,0.0532442598718,0.0539929829441,0.0455696211632,0.0578310162158,0.0501947771212,0.0453385626156,0.0533652037029,0.0514516586872,0.0614300879478,0.0594116516082,0.00050274897787,0.051516796152,0.0597452903123,0.0544067137701,0.0540851479701,0.0535521876891,0.0627376194031,0.0365628339643
14,0.0545169303113,0.0435285563123,0.044019770111,0.0540281308395,0.0520538311526,0.0518171791205,0.0538307450479,0.0547241970125,0.0551910326771,0.0552069813652,0.0570147442923,0.056324350047,0.000356233308807,0.0534561596115,0.0574253744284,0.054385677916,0.0520685566248,0.0523587182976,0.0499815409651,0.0477112905584
15,0.00757581713138,0.00182790270758,0.00451636651992,0.00504495210169,0.0551513296198,0.0128159736371,0.0138409615188,0.0974058560307,0.00196593132526,0.226083175052,0.25184608334,0.00518291283011,0.00708401065794,0.0074184414079,0.0020956342409,0.0336467396756,0.0966505873527,0.00660542915727,0.0575899508595,0.105651944834
16,0.0711973551264,0.00994447511759,0.0730787630991,0.0721857166953,0.0212030817806,0.080085160033,0.0713947805471,0.0191448256811,0.0702225318622,0.0535158890092,0.0557809845858,0.0616532942491,0.000391816360652,0.0793186835299,0.0726789713788,0.0708357933353,0.0474747856229,0.0513106127148,0.00301274076669,0.0155697385046
17,0.268741455789,0.00734670024562,0.00196093670392,0.00321584449799,0.00158306749003,0.292527978701,0.000638438205878,0.00490055215303,0.000475599124769,0.00283610932665,0.0309550552665,0.00547002775255,0.000729276269935,0.0837390853113,0.000861718423428,0.191231734159,0.0926320709475,0.00528689907477,0.00330276321249,0.00156468734459
18,0.0578250433546,0.00246488335471,0.00172399060117,0.00164174980765,0.0102232269625,0.00132185822627,0.127307361714,0.0339619564596,0.0893983665489,0.0555707954997,0.0659504030051,0.0722726578849,0.0965542389556,0.0635935243588,0.121221977395,0.0610676404994,0.0633460358509,0.0426393306895,0.00116585187014,0.0307491069621
19,0.00292372863573,0.00709513724485,0.000299893872355,0.000967585683671,0.201237293521,0.00715301991758,0.000667140014805,0.143756460974,0.000572197893206,0.165253090537,0.182116686759,0.000429566664949,0.000196869659624,0.000521906484303,0.00118273383135,0.00180264495202,0.00417857273537,0.228363875321,0.0428916751391,0.00838992015939
20,0.0793632088361,0.0023138489772,0.00200785095457,0.00191556507781,0.000939874423103,0.883052616307,0.00104043469852,0.000933386016776,0.000610326734701,0.000239513731812,0.000911025836908,0.00131148711959,0.000932192600648,0.000944885388811,0.00148521354185,0.0173006916884,0.0005034756086,0.00216339478885,0.00130194109425,0.000729066574217
21,0.000541493455895,0.000333687038325,0.000960706968884,0.000352648686457,0.297727568612,0.00034364266358,0.000889955899527,0.00729353037233,0.000224084024422,0.18513960388,0.171010430552,0.000331405189672,0.000379862826544,0.000212141479488,0.000345888061073,0.00042221124972,0.000345636848502,0.00670808038265,0.000901365888288,0.32553605592
22,0.100670795845,0.0849999363043,0.00022807579819,0.000757633171848,0.168880916286,0.000742688498268,0.000861450950881,0.120561448523,0.000145171851636,0.160593827685,0.057101880276,0.000293592027978,0.000162518572237,0.00321091346571,0.000616315042806,0.00403341640739,0.0485243348126,0.161641983166,0.000150657026616,0.0858224442896
23,0.0964824074896,0.0013911762727,0.00775608876814,0.109441484434,0.0101593115603,0.00188512961073,0.0178606627331,0.0256292086341,0.0656223769619,0.0841506296493,0.104665370001,0.110956062853,0.000331572837007,0.113201812427,0.000837832481491,0.107802804967,0.083186057286,0.0468751840147,0.000594006383316,0.0111708206348
24,0.058123291996,0.00550570883225,0.000716341864198,0.00388701472566,0.00552231512056,0.000404663092589,0.000831417512576,0.216748332959,0.00203038302167,0.202723908377,0.209249115789,0.000774138828892,0.000326751993895,0.0361381713501,0.000922585423894,0.00397939516403,0.0321240477303,0.213300376655,0.000327144635327,0.00636489492803
25,0.0364581615372,0.00837943958211,0.456240280135,0.33841120268,0.00146111754714,0.00776524549582,0.00951389684203,0.00236210680958,0.00116174516561,0.00235843579958,0.00317202094822,0.0274808916248,0.000425951458893,0.0180828800884,0.00158160293154,0.0776331840731,0.00177189097163,0.00269061600352,0.00162784887735,0.00142148142887
26,0.0562463857902,0.00261750035211,0.00092491254549,0.000498172807018,0.104604413815,0.00209758995638,0.00245500688851,0.14684142943,0.00217552441685,0.138294336947,0.141117709609,0.0017396762384,0.00160322690916,0.0025905225261,0.00239666309168,0.00380277342293,0.0386648013154,0.125483790691,0.117184939021,0.108660624228
27,0.0508877599005,0.00455178107499,0.0524763960657,0.0525998588525,0.0452873948178,0.0525551301935,0.0561927176594,0.0487560644365,0.0547658829506,0.0517182840301,0.0617320261044,0.0548061251311,0.0503066602847,0.0511584076377,0.0504792240076,0.0530956976335,0.0537590269686,0.0528372382629,0.0522070016183,0.0498273223695
28,0.0302008362553,0.0022964428186,0.171586045004,0.118207584849,0.00256407616499,0.0625205294779,0.0390832031085,0.00666862749976,0.0350609189261,0.005087824804,0.00684112707803,0.150362346098,0.000349156565798,0.0552846919014,0.0128856898008,0.144289423859,0.146381210611,0.00329253325214,0.00140515711846,0.0056325748065
29,0.0378246682815,0.0013428103796,0.0461459882923,0.0216035892114,0.00797428284782,0.589517932324,0.0148192002466,0.000872536822617,0.0129533941188,0.0107983588147,0.013413022592,0.162674315759,0.00703696768578,0.0168526107832,0.00746871678254,0.0166320988207,0.0115195890984,0.00367091000305,0.00672779648329,0.0101512106521
30,0.0625241171726,0.0032810395368,0.0657898897542,0.0612179291312,0.0467006238401,0.05186752176,0.055863509129,0.0533269399283,0.0637063941353,0.059311463268,0.0618808010527,0.0639272374584,0.000569900762087,0.0592446482592,0.0616061268263,0.0550808755279,0.0546807758203,0.0587324585115,0.0144706400641,0.046217108062
31,0.0646842875879,0.00878804129908,0.00309431768612,0.0523243866901,0.108128221359,0.00101244466273,0.0104868143516,0.125121394768,0.00446048792964,0.100264972386,0.12428098216,0.00266570170434,0.0144861733528,0.0209970031879,0.011670144366,0.00695672924647,0.120243996679,0.142043610181,0.0593679270385,0.0189223633629
32,0.00416440941289,0.00540820246103,0.000618680556667,0.012457960867,0.0971970010453,0.00385826482402,0.0334835702752,0.152372723231,0.0274096669502,0.157211905875,0.135514978352,0.00945083416399,0.000434118526807,0.0129194960364,0.0534271822946,0.0025942908684,0.023425010889,0.14018178296,0.00847243255289,0.119397487857
33,0.0975234801753,0.00333772597862,0.103406606343,0.118370525299,0.000445592079578,0.105116781646,0.00953433971239,0.000952095021017,0.0940345847651,0.00707966899619,0.00603922017589,0.0938995250307,0.000270085310164,0.0875400347177,0.0710087397726,0.0956610954007,0.0932749516095,0.00947091789015,0.00111050397519,0.00192352610141
34,0.0899579405013,0.00299880988506,0.0112508285299,0.0855677048721,0.046612336442,0.0774906946062,0.052913148068,0.00509275865936,0.0770483361986,0.02101425934,0.0621673046642,0.0393808215496,0.000209114362113,0.0812842468181,0.0620963483662,0.0836180131398,0.0723264661095,0.0669332172045,0.0276187809979,0.0344188696855
35,0.0854292128888,0.00897315604269,0.000227759794569,0.00116840538338,0.106759034573,0.000555912786161,0.115929645554,0.00808631302509,0.00258614416055,0.0397398045986,0.0706785457224,0.112266163645,0.000121488960113,0.0446634667739,0.0466147203865,0.0804714007906,0.00510736086053,0.0514706514222,0.116537908729,0.102612903903
36,0.00454180332733,0.00989438698708,0.000284124208475,0.000508034827626,0.000900803012046,0.00175636342541,0.165184075107,0.00118546509372,0.155557814847,0.00139597312229,0.00128122114158,0.288872643323,0.00103664813451,0.0128925748549,0.345867345881,0.00508569543229,0.000716689919239,0.000584753203288,0.00154948744343,0.000904096707511
37,0.0664050536168,0.00162248437065,0.0684674926649,0.0692871501595,0.00595869027436,0.0631512367256,0.066398026252,0.0568337465232,0.0565210524529,0.0422580987599,0.0706577799605,0.0350304062567,0.0659709343692,0.068002692558,0.0614805432764,0.0710183997233,0.0607414462865,0.054149849591,0.00390797058847,0.0121369455902
38,0.0545251387106,0.00593550079029,0.0581845318805,0.0558369843179,0.0607949844674,0.056940602022,0.0582526922195,0.0380215200107,0.063171967773,0.0505227777912,0.0626497631082,0.053914202013,8.57871586394e-05,0.060226598453,0.0521132879624,0.0576088980713,0.0516007318321,0.0470608023954,0.0538433422465,0.0587098867765
39,0.0279263003503,0.00390007636533,0.19047259502,0.238103780663,0.0144166820189,0.0102677568174,0.0540328122978,0.0108848836108,0.00312805275155,0.0044432381983,0.10430908071,0.0109372554156,0.000391055611107,0.116574908536,0.00280861195674,0.0312297055591,0.121848854505,0.0340741756567,0.00333129227148,0.0169188816856
40,0.0106404396,0.00751319181641,0.00100592700908,0.0100099761782,0.0063008007665,0.00104341769289,0.0859901637464,0.0462951468286,0.195254509302,0.111931405223,0.0158678577745,0.00800150326439,0.0282452680192,0.0624654413598,0.28384568912,0.0173322406132,0.0715750882082,0.0151995419055,0.00195775692661,0.0195246346452
41,0.000782753818864,0.000431355917224,0.00162112944099,0.00119961998438,0.928408295971,0.00097275296535,0.00227599201536,0.001439459911,0.000862248968174,0.00679629711906,0.0171218763472,0.000799459373612,0.00170624325892,0.00211425101237,0.000593755697141,0.000297575119336,0.00223246585804,0.00500743116437,0.00262043192259,0.0227166041352
42,0.0346594652265,0.00142370331041,0.00116671634575,0.000841365611095,0.00241750339849,0.00173794858346,0.00588081428492,0.00531882443717,0.00267391821413,0.00448328231231,0.00432015334108,0.00464418103472,0.899839430041,0.00427020444031,0.00112789658463,0.0150604704526,0.0039039936698,0.00388290050252,0.000546999173305,0.00180022903594
43,0.00656387190657,0.00773423769253,0.000143427264305,0.000466423726173,0.0886346119039,0.00356613421196,0.00326994303557,0.175960952651,0.000496718990894,0.229953132372,0.259801118669,0.0002438019988,0.000239690801647,0.00287774318309,0.000288524592621,0.00123771597139,0.00987436330421,0.207154180314,0.000116590243235,0.00137681716739
44,0.134572968118,0.0788039576418,0.00104262552918,0.00093134649326,0.00130961107309,0.123987247189,0.00493217309649,0.00718123262399,0.000282843271531,0.0499627572013,0.135810446983,0.133445753467,0.000252963085429,0.0166948724629,0.0001677185403,0.107890963452,0.117555535525,0.0847124919898,0.000273054311675,0.000189437946546
45,0.000453700470749,0.00454476372284,0.000783601235348,0.000520726437887,0.00176784141481,0.00270073945263,0.00108719544412,0.0211423744417,0.00136829260408,0.000842679138939,0.00155936071797,0.00770170916893,0.000836729586803,0.00207589081633,0.00122350628338,0.945091269783,0.00185647012207,0.0025412228403,0.000581035815371,0.00132089050275
46,0.00185597545101,0.0163188310393,0.000641543523895,0.00113725521215,0.000562853498581,0.00212641087873,0.0194724162895,0.0191871036893,0.00107518800759,0.00362376107916,0.00431613212432,0.00186280059425,0.00604799526106,0.00428584921105,0.000455097325078,0.0172557723078,0.894950967754,0.00270461503688,0.00087417740485,0.00124525431192
47,0.171092038904,0.0221055320097,0.000190647716096,0.000732605254153,0.196627328947,0.00790349516841,0.0865288151601,0.00833079219853,0.000632182336036,0.00350098614856,0.203000018359,0.00327953586153,0.000444151594601,0.00225117425886,0.000401640189218,0.0863938975541,0.0040387152801,0.180547611487,0.0212208394243,0.000777992148759
48,0.000265004330475,0.0008178211009,0.000692179670463,0.00159173507403,0.00143150893301,0.000584344488112,0.00139935666588,0.00166233430828,0.979986054345,0.00112972930843,0.00124359097796,0.0013051007565,0.000795806342239,0.000878876025149,0.000989755257148,0.000225820004495,0.00158448036991,0.0011305597779,0.00121705880163,0.00106888346234
49,0.0556874274823,0.010188945645,0.000618023019636,0.00893222019884,0.000900593851437,0.000860461690219,0.000653524387939,0.105852299827,0.0145712430984,0.00455596114886,0.00495587452649,0.000866343920909,0.298504368516,0.00116931938667,0.000409327551273,0.0113124359345,0.156589630558,0.317717730803,0.00478103046948,0.000873237983925
50,0.134924558719,0.0318511105074,0.000207119652106,0.000360181848307,0.0579594190988,0.00549390911121,0.0042577228969,0.169957212323,0.000179148822971,0.155893835408,0.122683862279,0.000978664168947,0.114813087938,0.00482492376546,0.000658986228552,0.017881617451,0.0294019548595,0.143781197073,0.000742958570127,0.00314852927836
51,0.0254919536084,0.00461677360958,0.000911606792377,0.00107347864934,0.000367383108216,0.0018970299876,0.000222723392685,0.0316965839897,0.000509284113045,0.461514269501,0.180770582357,0.000810040514023,0.000658318310178,0.000358375551514,0.000389181982104,0.00142150942116,0.014163091119,0.271576295707,0.00101172974699,0.000539788538372
52,0.272977052046,0.36330555481,0.00178074871964,0.00253696958121,0.000685595819628,0.0466926265678,0.000191887171695,0.0544445022891,0.000397782598221,0.00491383187385,0.00834314543793,0.000258854413451,0.000438362116126,0.000556331953799,0.000448066651444,0.00877977259443,0.0315341970896,0.199195783328,0.00141610133039,0.00110283360819
53,0.311426361165,0.0272254098835,0.00157620993856,0.000283918527532,0.00518834912785,0.316063359973,0.000179127572651,0.00486535009262,0.000180224752822,0.00651978551864,0.00550569903596,0.000231990934163,0.000239196863361,0.000184193784465,0.000188312804422,0.293740899023,0.0103098785619,0.00441313470911,0.00608642406776,0.00559217366388
54,0.0794071242932,0.085680830554,0.007098979616,0.00706671384094,0.07175871021,0.00664742028062,0.0716018519765,0.0302258566256,0.0628746627961,0.0705664843064,0.0806495625028,0.0628107562201,0.000314582465387,0.0706220003961,0.0330162496883,0.0623472862783,0.0467310286411,0.071443951046,0.00181262046321,0.0773233277993
55,0.00849811121475,0.00742133798407,0.000683516556576,0.000693782390842,0.00261494535217,0.000221901595936,0.00133356851549,0.348910842299,0.00108813041644,0.157156352776,0.097403860687,0.000711689091595,0.000262689901269,0.00141917097097,0.000574287795411,0.000676546256054,0.0313253690747,0.338345407692,0.000327023032936,0.000331466397059
56,0.00364458675709,0.00314354060364,0.000875794960675,0.000506835169488,0.00785003241476,0.000828964043526,0.00272177954838,0.00596086857567,0.00144875263368,0.545550737706,0.403735052549,0.00151003429126,0.000682706031218,0.00276400383548,0.000948105783496,0.00195167705688,0.00360273258137,0.00936980204484,0.00224790928568,0.000656084127567
57,0.0585785567473,0.00698704578921,0.0358735851523,0.0735121723929,0.054534345178,0.0503516350088,0.0631781289902,0.0322103332536,0.0503187910135,0.0554033862609,0.049352543343,0.0632855495727,0.000464264789444,0.0639315120215,0.0583716986203,0.0574090725886,0.0545745957737,0.0480203359109,0.0604480753632,0.06319437223
58,0.101164938531,0.00375004433464,0.0043558985541,0.00533796220491,0.0324762377935,0.00500231984954,0.0781570354406,0.00695133461823,0.138590602233,0.103356161935,0.102195737303,0.0901534568328,0.000168826843816,0.0949478576066,0.156016020913,0.0315393211395,0.00346737062727,0.00395786539286,0.00568413448334,0.0327268733627
59,0.166583320849,0.152206439682,0.00322151305292,0.00309793176718,0.00529063346386,0.0039905797711,0.0716801786149,0.186292939623,0.00634633805565,0.00338345714122,0.00880486875167,0.00437522306806,0.000330077871245,0.00733386626346,0.00657275607249,0.0535751542003,0.0780669688252,0.217358998854,0.00761431746334,0.0138744366093
60,0.00879450386294,0.00148918539754,0.404395355534,0.324164499859,0.000873421557937,0.00609405319748,0.00284256879466,0.00390149355139,0.00322116581761,0.000974462524468,0.011063950665,0.00541715043014,0.000521256968998,0.200420737138,0.00316614178605,0.00993582025744,0.00736123210238,0.00434603830162,0.000493058965902,0.000523903287137
61,0.0577812176469,0.0217221809378,0.0573393768526,0.0602503880032,0.0377203005788,0.0546029380606,0.0576906805738,0.0561059790463,0.0615488631916,0.0587197132447,0.0566021508167,0.0631593074153,0.00026850999179,0.0605126886421,0.0602146146966,0.0595922374889,0.0559731250002,0.0552014443091,0.02412294305,0.0408713404533
62,0.0731022171522,0.00422095160719,0.077822432714,0.0812618779755,0.0243012389482,0.0994426519959,0.0882936246996,0.00302092859316,0.092291654062,0.0376365811131,0.0648087825253,0.0835465683535,0.000130837423197,0.0939885372107,0.0785590859152,0.0680239458086,0.00547201462916,0.00288718434313,0.00251839434953,0.018670490581
63,0.0487911675349,0.0306455977653,0.0553915925054,0.0481439101614,0.0740099198775,0.0477630322381,0.0512488461398,0.0479229889643,0.0513688030645,0.0487988016284,0.0506842073842,0.0549921449129,0.00338518158708,0.0522026189893,0.0534119860377,0.054938700295,0.0625695834136,0.0526916589702,0.0506490043941,0.0603902541362
64,0.0146994862514,0.00230906283852,0.145974971969,0.148400982503,0.0756370646161,0.0034448936347,0.00209292764253,0.144417795685,0.000351134872273,0.15888438238,0.140089235923,0.00335714864318,0.000489731813467,0.0113200135283,0.00069557714866,0.00467967950912,0.022190428135,0.113237774839,0.00423423618289,0.00349347188449
65,0.0522032069135,0.0285071534607,0.062349796299,0.0565151924472,0.045714318956,0.0432263059361,0.0541278910916,0.0441780202363,0.0649151941909,0.0516560437309,0.0504617485298,0.055695301902,0.000632366354246,0.0521900662537,0.0543658848532,0.0551428584035,0.0550373754258,0.050029217011,0.0588500403164,0.0642020176881
66,0.0111042491663,0.00326023919734,0.00328228052976,0.00490663488367,0.0419708936396,0.00646196133019,0.0117559784689,0.181510104926,0.004616300426,0.351568160117,0.301319043193,0.00548185259035,0.0147569784619,0.00668592133738,0.00452427922565,0.00760732755575,0.0073376914442,0.0110547569302,0.00789278240665,0.0129025641707
67,0.0588008661593,0.00658017003377,0.0596486328276,0.066434260292,0.0450614809244,0.0604045307586,0.0560670302223,0.0444093526056,0.0472635103215,0.0451615885022,0.055140725513,0.0628756067225,0.0138504433944,0.0716995424468,0.0434884088559,0.0575750583546,0.0561988785118,0.0426674348644,0.0545958322157,0.0520766464734
68,0.0152286510767,0.0160886117135,0.00711724180466,0.00518442165533,0.00206378055563,0.00417365845714,0.231159160712,0.00479781440664,0.215090809345,0.0056920236821,0.00955926849567,0.0904552145221,0.00082356449192,0.0133613231479,0.283534992137,0.0126059086664,0.0741265199153,0.00342987202017,0.00293473537765,0.00257242781801
69,0.0223283360666,0.00309247131389,0.00237140204878,0.0265163388818,0.0435539310223,0.00164118968981,0.0670258758908,0.0786406442356,0.0908150087313,0.0766367863153,0.0779435236828,0.0469403481382,0.0101047796027,0.0662014765403,0.0848860272536,0.036335828481,0.0796939995523,0.0759002173426,0.0332653997626,0.0761064154476
70,0.00316001183,0.0010900593049,0.00104509128952,0.00159735361132,0.005153654959,0.00120036581424,0.00429295886047,0.252021195573,0.000775685879895,0.258242522825,0.159625850515,0.00539722725556,0.000431737077941,0.00630319255251,0.000870675526051,0.00141321103041,0.00303927817201,0.286699672015,0.000596840323252,0.00704341558401
71,0.0521305520831,0.00540344070051,0.0381041330107,0.0539673431323,0.0560492053276,0.0323256094396,0.0621255855629,0.0524986772478,0.0635296072875,0.0578012090151,0.0579467671273,0.0469634742955,0.0184932869278,0.0606985238645,0.0569144450824,0.0548838008673,0.0554868456575,0.0564977320079,0.0622088385263,0.0559709228364
72,0.00114357210452,0.0198132344031,0.0010664504099,0.000949482994498,0.239066103701,0.00134674807943,0.00392769046318,0.200200048892,0.000598932959342,0.0354492871746,0.00565067804726,0.000682214902802,0.00259289369524,0.00092719319206,0.00107691829506,0.00300169202571,0.000512448049865,0.0211674304904,0.222820884958,0.238006095162
73,0.0570460664864,0.0132212478603,0.0570890217338,0.0613670125219,0.0452492686244,0.0627822739987,0.0590471077879,0.047800346179,0.0572212747457,0.0542324607118,0.0552539400572,0.0589177960557,0.00202980457042,0.0644799579893,0.0581159655303,0.0574870026043,0.0622083328065,0.053506268154,0.0262321029104,0.046712748672
74,0.054347072886,0.00152212590146,0.0568880304478,0.0570495324494,0.0486856719302,0.0549766823339,0.0474320333786,0.0504974547044,0.0559656992616,0.0553786301892,0.0474384769412,0.0456802065583,0.0526351479371,0.0567045760904,0.053796149454,0.054921920472,0.0526528888258,0.0596311082561,0.0473993120761,0.0463972799064
75,0.051813945984,0.00128432789659,0.0547081384978,0.0479484107803,0.0554338921719,0.0505653589701,0.0529011677226,0.052473883585,0.0541894560446,0.052669403278,0.0476456444555,0.0581175445667,0.0483730377949,0.0519004605956,0.0531971339961,0.0523843130957,0.0516247411108,0.0532132634404,0.0535511882979,0.0560046877156
76,0.0892170233843,0.00142459055438,0.129365607329,0.114866979477,0.00488539254909,0.0028629863531,0.087072890081,0.0201078064412,0.0293020827543,0.0341826461708,0.0926815646214,0.0715352704838,0.00123147418051,0.110923528727,0.00874770779799,0.0869827952505,0.0504261405149,0.0572870443032,0.00190507435122,0.0049913946759
77,0.00327526109614,0.00650618176186,0.000427020083122,0.0012783145769,0.0415315399456,0.000849488901036,0.00235749829414,0.215672380381,0.00279711519543,0.245456046609,0.222091440145,0.000857279720094,0.000671487245892,0.00361567222646,0.00191492506379,0.0028929895264,0.00376304305917,0.216639645357,0.0199912218094,0.00741144900328
78,0.030079049866,0.0378371391448,0.0856352502805,0.0252589857299,0.00218001236669,0.00849030202287,0.00767360275183,0.110743674968,0.0740236812316,0.116034889014,0.079788232955,0.0226289773359,0.000404397416082,0.0779712679296,0.0441269210649,0.0257816119955,0.106024365246,0.139201419499,0.000881426757813,0.00523479242407
79,0.0646313045246,0.00125146674697,0.0611148121086,0.0613794820408,0.0501741458992,0.0316832145041,0.0527472786815,0.0492799258278,0.0531386417006,0.0536309475815,0.0536037752205,0.0509819587393,0.0624993631674,0.0560740113364,0.0474852261102,0.0632624640391,0.0593893297606,0.0598534083033,0.0114255555182,0.0563936881895
80,0.00875430509314,0.00438862169302,0.00221423379991,0.00200874976047,0.174413840366,0.00867808172294,0.0514261750509,0.00968667077259,0.000974208972326,0.00681297011232,0.00695162145557,0.0171678588495,0.024179804982,0.00350002796975,0.00465159516545,0.00776931146349,0.00838080862842,0.008505820936,0.347337748248,0.302197544959
81,0.186917262273,0.00976821293532,0.00221768000844,0.00107593600758,0.00332766913712,0.0151396855099,0.00852076442953,0.00887116366708,0.00282554248168,0.000856460715926,0.00196531241727,0.048842503848,0.0022741865549,0.000580223736235,0.00397637164294,0.677783837671,0.0128927892848,0.00456809887772,0.00262585920166,0.00497043960021
82,0.0180692916698,0.00784000623572,0.00593499911495,0.0218575998149,0.0068583216732,0.010094883004,0.0171985037427,0.015602098071,0.0277787276171,0.0192361746336,0.0105089867246,0.00800612584511,0.692825356494,0.0165956439363,0.0147790423011,0.0140009263863,0.0288707914182,0.0259038747838,0.00472288657928,0.0333157599547
83,0.0764648976144,0.0415427473019,0.0139588729648,0.119224089727,0.0110052465382,0.00396122551259,0.01402353026,0.130603606808,0.00822774249395,0.117231738858,0.110368367679,0.00435072591091,0.000383558926318,0.0630822632755,0.00912304245786,0.0313454640482,0.0697415640519,0.12780765259,0.0231125251049,0.024441137876
84,0.216123419726,0.157953534916,0.000485509902456,0.000590562003339,0.000236768757175,0.0040669330161,0.000331208540899,0.00398904837672,0.000395556965277,0.0640339139014,0.00389511031009,0.00058015594298,0.000623702410779,0.000412598914845,0.000238105703215,0.201927340898,0.264174980206,0.0790780533826,0.000385908012037,0.000477588114172
85,0.0680826624647,0.00467634993307,0.0610857003872,0.0599456474568,0.0335101080991,0.0615389778141,0.0498702151679,0.0649106718946,0.0532234908329,0.0464280096384,0.07282872963,0.058272412113,0.00528018730399,0.0560684802704,0.0543526122266,0.0680268088067,0.0564149329573,0.0630225928713,0.0226723845308,0.0397890256011
86,0.0601964468323,0.00821292611268,0.0525809283127,0.0519012363055,0.0433726764548,0.0569186927998,0.0513366211783,0.0498916340528,0.0576933202139,0.0592148018984,0.0635913144259,0.0621073563562,0.00725387755202,0.059803063591,0.0589120045355,0.0559641001691,0.0580444899082,0.053334767618,0.0438682396733,0.0458015020094
87,0.0641940002195,0.0138297613856,0.00145844835975,0.00885367060469,0.0869859272427,0.0578812623479,0.0969935884865,0.00153241440989,0.102142020131,0.0377146631001,0.0679198415937,0.0933738931178,0.000502534208134,0.0572595269983,0.0847937715871,0.0672066047067,0.00272608259133,0.00186432799754,0.0284154743293,0.124352186582
88,0.0565301414867,0.0501729559535,0.00279109285063,0.00940795817847,0.0740559431906,0.00390255001257,0.0640727628526,0.0946369318424,0.0323470002969,0.0838787546162,0.0824751543706,0.00154766222185,0.0073740951987,0.0693645762012,0.015319476341,0.0466563622255,0.0740061000808,0.0911875771111,0.0697886927179,0.0704842122506
89,0.052890014107,0.028715892627,0.0483600445904,0.0514555535176,0.0546721934982,0.0566922024611,0.0496212485986,0.0586643877986,0.0554756993129,0.0495775868858,0.0490981248288,0.054764437261,0.0461848961876,0.0427634114577,0.050672546797,0.0503563426598,0.0481768375947,0.0482472640417,0.0489551115137,0.0546562042607
90,0.0542347257796,0.0315452907189,0.0630808833545,0.0622719317303,0.0371711457307,0.0548701465901,0.0586189040883,0.0500484933229,0.0571936798653,0.0410034811686,0.0489423386199,0.0558916802623,0.0119498376442,0.0615962092523,0.0519236814607,0.0597764200919,0.0666293804619,0.0533079776806,0.0301450993307,0.0497986928463
91,0.0135350947108,0.0189428219962,0.00814682734915,0.00364676114581,0.0178675941557,0.793619238336,0.010050855762,0.00166863263014,0.0488122939064,0.00704862844543,0.001617964324,0.00861556902337,0.00789410768132,0.00711851156001,0.00262228012705,0.0159478953853,0.0113756486482,0.00310218984905,0.00870164593507,0.0096654390293
92,0.010418590881,0.00470193221649,0.0020006585934,0.000916432426546,0.00289165330755,0.000446018530751,0.00137268060434,0.106777921699,0.00509018095492,0.343901885157,0.444714046555,0.00225940824569,0.00085925289093,0.0480991385511,0.00539850811133,0.00411901771157,0.0045944591386,0.00945502537057,0.00061077520566,0.00137241384952
93,0.0131481149327,0.00668596891859,0.0453112959629,0.238973989031,0.00237897597556,0.00341947497273,0.00107765103814,0.00679479479022,0.0065166953449,0.0382145608458,0.0240830346737,0.0698624523704,0.00542624932629,0.0813750330616,0.00246274382089,0.204693385163,0.239823253022,0.00694488122247,0.00112437983414,0.00168306569322
94,0.00285079643657,0.00237071208163,0.000331364920004,0.000973907189425,0.003520037409,0.000596359250675,0.00176249893422,0.267590458787,0.000456410175997,0.221673135471,0.225890278051,0.00165094814015,0.00260163491667,0.00159910913525,0.000435490122249,0.000652879044669,0.0113935659407,0.25191853835,0.000274828103477,0.00145704754051
95,0.0592831098051,0.0545322315896,0.0558317102073,0.0580475290537,0.0510096952563,0.0535793783698,0.0583052280192,0.018324244888,0.0469972380406,0.0490516839338,0.0489859379919,0.0568477282597,0.00102079935208,0.0672033912089,0.0517525146596,0.0643679855369,0.0538718415371,0.0345777071381,0.0607852844121,0.0556247607401
96,0.100524849766,0.00150841355329,0.218583053449,0.194248711973,0.000326891446175,0.119848900187,0.0258507844412,0.00166131146232,0.00826203553396,0.000360482656588,0.00448744489622,0.0556386161889,0.000271421979848,0.170978008788,0.00409855954244,0.0858627653637,0.00242314104378,0.00284918587566,0.000469763706142,0.00174565814604
97,0.0138239949469,0.00715395458963,0.00144898631418,0.0012696428416,0.00947734037138,0.00137643346354,0.0023446305242,0.0187746146686,0.00114953542867,0.619889651341,0.300084082539,0.000739341480028,0.00106113106193,0.00131978620159,0.00141689236792,0.00245634671199,0.00259803859677,0.0102094617829,0.0026276504707,0.000778484296923
98,0.0415003993516,0.819843349363,0.00193322637821,0.000482828192561,0.000872071676025,0.0134439488518,0.00110629339189,0.020364600918,0.000693871645523,0.022065742471,0.0584967442664,0.0010413600236,0.00055518131403,0.00395920199031,0.000850960819403,0.00597798182989,0.00201470494905,0.00213252902931,0.00170758709622,0.00095741644225
99,0.0539044095778,0.0135022610813,0.0635146391573,0.0619150551201,0.0406214176487,0.0600207246261,0.0582237752441,0.0397311325728,0.0481916887835,0.0554373516736,0.0346103341808,0.0603940257393,0.0252808518302,0.0610879975275,0.0577231777365,0.0565695963983,0.0506559102811,0.0554921150276,0.0487874192212,0.0543361165718
100,0.563115339262,0.0368498400093,0.00302482971053,0.00186516150469,0.00128062793033,0.0156101334346,0.0030505253407,0.0119571437799,0.00231844004811,0.00319811879746,0.00111366107348,0.0024643926918,0.00791203492424,0.00208158657788,0.00072124613894,0.302977853749,0.0153873268979,0.0194847495128,0.0014878352576,0.00409915335894
101,0.343172368959,0.0518772007447,0.00119024395389,0.000803513917019,0.000643314519564,0.0174279753094,0.00029601868655,0.010989529863,0.000411470741539,0.00118609154944,0.00565118966231,0.00117044437848,0.000840100340025,0.000594299585915,0.000511972105279,0.234685444855,0.295738859813,0.0319329973778,0.00033965361177,0.000537310025898
102,0.00201668177296,0.0315418156954,0.000637493827403,0.000442432879854,0.000511504941164,0.00042125155068,0.00102898914368,0.292653169347,0.00022763437899,0.212708406786,0.204185537285,0.000303604240458,0.000380376590813,0.000150579045138,0.000228145210059,0.000867338558282,0.00865453590474,0.242456668555,0.000204986410743,0.000378847875969
103,0.103998016179,0.0925776681353,0.00752858942805,0.130741715328,0.000241491599022,0.111900461642,0.00352437242326,0.0338856320785,0.00622913871266,0.0200846064589,0.0782091637522,0.00708407716597,0.000249901110846,0.0710518311424,0.00522229573154,0.130199167812,0.137127233376,0.0579605800618,0.0018518497862,0.000332208076544
104,0.0240531563972,0.0331331940906,0.0117253645932,0.0676646386372,0.0500340054171,0.00304238102064,0.0195804750442,0.0714172828975,0.0301210502103,0.0966620917231,0.0954656261491,0.0186564059405,0.000123969903312,0.0743672157548,0.059761925341,0.0290282107982,0.0803645810729,0.0903589450282,0.0831337766856,0.0613057032953
105,0.00133302571639,0.00333291582855,0.00174720653454,0.000599526505636,0.00136237330993,0.00308088512038,0.000554728414226,0.000880717505456,0.00413616476804,0.000936106271577,0.00189590988888,0.00151936621484,0.000915542001969,0.00114898278154,0.00140725051217,0.966126528714,0.00429351719356,0.00163622533955,0.0020746100005,0.00101841737838
106,0.00194730360122,0.00338840388849,0.965011167669,0.00478916572904,0.00144827496097,0.00141435553318,0.00119674555127,0.00195463312043,0.00154063838738,0.000678968516205,0.0029479138763,0.00170409260187,0.00103782356906,0.00117077722951,0.00227673300567,0.000771450107148,0.00180850685843,0.00232864532406,0.00111747956493,0.0014669209061
107,0.00204072954053,0.0166117867225,0.0110329574154,0.0010264462982,0.00113097077653,0.00383087436971,0.000586222046653,0.000868996158293,0.00397314941756,0.00135883519753,0.00125335823466,0.924452526419,0.000880239468145,0.00156043563673,0.000967439205396,0.0229649581842,0.000986348998134,0.00206939029309,0.000902938091609,0.00150139752585
108,0.196279828617,0.118123024244,0.00224851916893,0.00199534303422,0.0046134048992,0.198912170922,0.00445484653823,0.000368909575393,0.000667216539551,0.00791075195204,0.0022113696597,0.00191493043234,0.0011736522802,0.00022717273703,0.00156463095958,0.22300048459,0.223858622902,0.00594565348828,0.00133320059521,0.0031962668655
109,0.853941547175,0.00109009976713,0.00155676086391,0.0124813401175,0.00123130604914,0.0144934277959,0.00388221649084,0.00141460692864,0.00131554613805,0.000434354871328,0.00151625609056,0.0017495900154,0.00412017355043,0.0041322241355,0.000689987486037,0.0773413742101,0.00574630286502,0.00981581343503,0.00178684299914,0.00126022901509
110,0.29237505882,0.00437142932632,0.00935851685331,0.00231268244798,0.000491207848776,0.258497087647,0.00103863530534,0.000533286415033,0.00163581612302,0.000188333266985,0.000788221446918,0.000861228734405,0.00103601209402,0.000368717154482,0.000239951139628,0.203331421451,0.219303101182,0.00243632718369,0.000523605300585,0.000309360258646
111,0.00177887512456,0.000408472424107,0.00910820505598,0.00184764396105,0.000869247509664,0.00115994747923,0.00408248896788,0.00393539835662,0.00101872624805,0.00151315850037,0.00228016032728,0.956594057063,0.000607755908159,0.00170387846029,0.00177111874992,0.00291828487606,0.00337434262332,0.00202242699916,0.000933271339599,0.00207254002544
112,0.00494696129791,0.00319880537335,0.000333534361133,0.00526065476949,0.0182592574078,0.00124025747523,0.00469744916288,0.264023454511,0.00738243091842,0.252385016433,0.173285526823,0.00100353910697,0.000418451930114,0.0162250893059,0.00374967123105,0.00372411517952,0.00524805527954,0.232086106261,0.000550000334514,0.00198162283918
113,0.01109552125,0.00167834245424,0.000891662289148,0.000551656098739,0.00130953607095,0.000709693155174,0.00303102472192,0.338822381837,0.00198738692519,0.506459219647,0.0580259245659,0.000572261066823,0.000436978705331,0.00144215413289,0.000324392607909,0.00086338807702,0.0019455490679,0.0683643148693,0.00111078142898,0.000377831028133
114,0.00548533059861,0.00574047889381,0.000248137671487,0.000420949986649,0.0373840282257,0.00165601924722,0.000584498211773,0.213038924832,0.00032704630741,0.304214638366,0.21712595956,0.00140051134276,0.000592430801233,0.00326524007083,0.000398533134624,0.00544266518946,0.0289447744384,0.0646300568132,0.000595625163269,0.108504151146
115,0.0577440548396,0.0286437402149,0.0528759508662,0.0576824511339,0.0363244004516,0.0564568813304,0.0518665708572,0.0536732943695,0.0688067020051,0.0513204118884,0.0572335063843,0.0568492585261,0.00141116037527,0.0537432333957,0.0547255682515,0.0557574159513,0.056466522188,0.0480460426193,0.051059076345,0.0493137580068
116,0.073705406744,0.0532692998714,0.0489739054209,0.0879372008228,0.00338106537609,0.0592655588355,0.0366237167934,0.0715414551673,0.00608596082394,0.071488038742,0.0628539295676,0.0642193636406,0.000596021526468,0.0744121938859,0.051164708622,0.082208313091,0.0773753903396,0.069233298692,0.00183171885857,0.00383345317889
117,0.00640641681588,0.0075091740962,0.000128620363211,0.00151746233995,0.127178342492,0.00440282690792,0.000803011933324,0.193702445317,0.000835564225238,0.204856920399,0.17862152655,0.00144737622108,0.000348761667338,0.00753761100911,0.00063955345683,0.00559202699615,0.0063675204527,0.200936365803,0.00366723933583,0.0475012336178
118,0.0110025346552,0.0109165547108,0.0399088462111,0.0244451122835,0.00497909226151,0.605991039819,0.0157219468422,0.00311522570589,0.0260988848139,0.0110679351977,0.0179719443818,0.117614759155,0.0017625655642,0.0507258752035,0.0160897936306,0.0168228251887,0.00722199671724,0.0107675997456,0.00205338570112,0.00572208221211
119,0.0193135653174,0.0050268393755,0.0140082405028,0.0107957406944,0.00319620961777,0.820880973741,0.00933444099938,0.00305294604969,0.00260729625898,0.00127398812051,0.00232731546203,0.0459089219874,0.000800653449754,0.00386878451083,0.00302346008172,0.0203840477925,0.0227055302052,0.00281699681887,0.00710843381883,0.0015656151954
120,0.0439620970764,0.0153932991588,0.000724228987779,0.0044850703469,0.00326989398562,0.0104695008073,0.142018888632,0.00677387894388,0.00232759726112,0.0102580918973,0.00232006161094,0.00717488680911,0.62885216388,0.0358271013022,0.00559702343675,0.0128914469382,0.0463978030572,0.0182010453359,0.000769165048453,0.00228675548403
