beta = 0.010001
kappa = 4.88325
omega = 0.0358972
phiA = 0.334459
phiC = 0.165112
phiG = 0.222322