beta =     10
kappa = 5.13109
omega = 0.0442391
phiA = 0.35456
phiC = 0.168668
phiG = 0.21513