beta = 0.010001
kappa = 5.00835
omega = 0.0358482
phiA = 0.334457
phiC = 0.165113
phiG = 0.222325