alpha_omega = 0.300001
beta_omega = 8.81872
kappa = 3.72843
phi0A = 0.310176
phi0C = 0.0873444
phi0G = 0.344563
phi1A = 0.398492
phi1C = 0.190507
phi1G = 0.114581
phi2A = 0.293277
phi2C = 0.224207
phi2G = 0.204664